n,pre,null,null2,gsat-time,gsat-fm,gs-time,gs-fm,rfs-time,rfs-fm,const-time,const-fm,sets-time,sets-fm,bnb-time,bnb-fm
5,9.298851251947227,0.025397854000000004,9.952380952380953,0.020422304000000002,9.952380952380953,0.028438018,9.952380952380953,0.19675267600000002,6.929148629148629,0.0,0.0,0.0,0.0
10,8.917141064388046,0.012633418,9.7018737881234,0.012995229,9.7018737881234,0.012180756999999999,9.7018737881234,0.18696011399999998,8.82875428814317,0.0,0.0,0.0,0.0
15,8.633573506624607,0.012162229,9.529324906720458,0.013198017000000001,9.529324906720458,0.015121232,9.529324906720458,0.178705407,8.934054834054836,0.0,0.0,0.0,0.0
20,8.618239747112638,0.01714358,9.483399480553182,0.023353686,9.522543211440032,0.034056748000000005,9.522543211440032,1.016969844,8.644657077202716,0.0,0.0,0.0,0.0
25,8.497341880259754,0.028712658999999998,9.50612004488023,0.024805601000000004,9.50612004488023,0.07606627599999999,9.50612004488023,0.44010191,7.71268526716561,0.0,0.0,0.0,0.0
30,8.505052712271013,0.072050245,9.508358877057454,0.019587710999999997,9.508358877057454,0.026813339,9.508358877057454,0.590734617,8.841392173175961,0.0,0.0,0.0,0.0
35,8.55845162711198,0.05740232599999999,9.409046746121385,0.03573848399999999,9.409046746121385,0.031484467,9.409046746121385,1.073603146,8.668399549932609,0.0,0.0,0.0,0.0
40,8.681984904719334,0.083037477,9.429199535490708,0.052372387000000006,9.429199535490708,0.037108718000000006,9.429199535490708,1.549411115,8.534079277541851,0.0,0.0,0.0,0.0
45,8.819481639066861,0.132852004,9.437929243453274,0.03669813,9.437929243453274,0.070847781,9.437929243453274,2.7328008390000003,8.702818184190646,0.0,0.0,0.0,0.0
50,8.773566506144372,0.17017482299999998,9.456418818164588,0.07267926100000001,9.4506608863197,0.064208367,9.4506608863197,2.658987771,8.642559782173949,0.0,0.0,0.0,0.0
55,8.834293069975175,0.300336307,9.487265929815324,0.076792887,9.487265929815324,0.073268368,9.487265929815324,3.3138506660000004,8.57960670602611,0.0,0.0,0.0,0.0
60,8.918747337609052,0.35216583199999996,9.491276345472391,0.062878186,9.491276345472391,0.089916283,9.491276345472391,6.253550733,8.802710334008724,0.0,0.0,0.0,0.0
65,8.942852699432066,0.35054179100000005,9.541642738855534,0.057880448,9.541642738855534,0.097761499,9.541642738855534,7.258652951,8.849973852637804,0.0,0.0,0.0,0.0
70,8.834465100994974,0.402099873,9.541310858514878,0.062204451,9.541310858514878,0.12324402899999999,9.541310858514878,7.698703479,8.762471869647012,0.0,0.0,0.0,0.0
75,8.85433058388656,0.5197805520000001,9.538653561013074,0.079415223,9.538653561013074,0.164906955,9.538653561013074,10.838643291,8.720951805973383,0.0,0.0,0.0,0.0
80,8.729602747609619,0.6867742250000001,9.499219164138283,0.14922480300000002,9.493414745942562,0.33971160199999995,9.493414745942562,11.733227403999999,8.211142998469018,0.0,0.0,0.0,0.0
85,8.68582310235917,0.9050551689999999,9.48072028210602,0.109268505,9.484195464061305,0.42049150999999996,9.484195464061305,13.528486854000002,8.333062439501528,0.0,0.0,0.0,0.0
90,8.574694085720822,0.953326509,9.441784681642357,0.12378547399999999,9.44873716149354,0.424541351,9.44873716149354,51.561256926999995,8.381490487125104,0.0,0.0,0.0,0.0
95,8.585497462235345,8.12826482,9.476228247708475,2.638663304,9.47941107125058,2.3332028429999996,9.47941107125058,107.51829559500001,8.348843540962688,0.0,0.0,0.0,0.0
100,8.587334742739573,0.9304704400000001,9.416306249171413,0.26873323,9.419315163881485,0.465612282,9.419315163881485,16.377913934,8.332208866079712,0.0,0.0,0.0,0.0
