connect,time_complete,fm_pre,fm_post_complete,rows,cols,cm1,cm2,cm3,cm4,cm5,cm6,x1,x2,x3,x4,x5,x6,x7,x8,x9,x10,x11,x12
-1.0,61.15051485100004,391.46953208162074,489.56199245777054,70646.0,48679.0,56595.0,12857.0,18543.0,72142.0,78.0,2996.0,122.30102970200008,782.9390641632415,979.1239849155411,141292.0,97358.0,113190.0,25714.0,37086.0,144284.0,156.0,5992.0
-0.99,64.53771690300003,391.25508649445754,489.3233651392015,71233.0,49226.0,56768.0,12912.0,18656.0,72358.0,82.0,3066.0,129.07543380600006,782.5101729889151,978.646730278403,142466.0,98452.0,113536.0,25824.0,37312.0,144716.0,164.0,6132.0
-0.98,65.82089473000005,391.40717841009473,489.4749105830996,72626.0,49939.0,57377.0,13001.0,18837.0,73144.0,72.0,3070.0,131.6417894600001,782.8143568201895,978.9498211661992,145252.0,99878.0,114754.0,26002.0,37674.0,146288.0,144.0,6140.0
-0.97,67.57513075999991,390.9453831820389,488.8538905389052,73582.0,50670.0,57693.0,13077.0,19099.0,73496.0,44.0,3296.0,135.15026151999982,781.8907663640778,977.7077810778104,147164.0,101340.0,115386.0,26154.0,38198.0,146992.0,88.0,6592.0
-0.96,66.60249717700002,390.92331424719123,489.0337364745039,73209.0,50414.0,57615.0,13066.0,19079.0,73470.0,60.0,3224.0,133.20499435400004,781.8466284943825,978.0674729490078,146418.0,100828.0,115230.0,26132.0,38158.0,146940.0,120.0,6448.0
-0.95,69.88260698099998,391.36886879014486,488.41928424359827,75358.0,52033.0,58738.0,13262.0,19310.0,74584.0,64.0,3464.0,139.76521396199996,782.7377375802897,976.8385684871965,150716.0,104066.0,117476.0,26524.0,38620.0,149168.0,128.0,6928.0
-0.94,68.55312202399996,391.03892957089045,489.13804656593555,75025.0,51769.0,58397.0,13195.0,19319.0,74478.0,54.0,3238.0,137.10624404799992,782.0778591417809,978.2760931318711,150050.0,103538.0,116794.0,26390.0,38638.0,148956.0,108.0,6476.0
-0.9299999999999999,71.77408266900005,391.46282491893896,488.4021661830752,76341.0,52624.0,59130.0,13311.0,19436.0,75100.0,80.0,3466.0,143.5481653380001,782.9256498378779,976.8043323661504,152682.0,105248.0,118260.0,26622.0,38872.0,150200.0,160.0,6932.0
-0.9199999999999999,74.48822659199998,391.5651250948053,488.49260362105764,76473.0,52768.0,59299.0,13341.0,19457.0,75300.0,70.0,3456.0,148.97645318399995,783.1302501896106,976.9852072421153,152946.0,105536.0,118598.0,26682.0,38914.0,150600.0,140.0,6912.0
-0.9099999999999999,77.58320853300008,391.6900322412062,489.0471810328113,77766.0,53628.0,59781.0,13446.0,19559.0,76044.0,94.0,3296.0,155.16641706600015,783.3800644824124,978.0943620656226,155532.0,107256.0,119562.0,26892.0,39118.0,152088.0,188.0,6592.0
-0.8999999999999999,77.12331934700002,391.68617742784386,488.585270227844,78009.0,53789.0,59842.0,13469.0,19564.0,75944.0,68.0,3462.0,154.24663869400004,783.3723548556877,977.170540455688,156018.0,107578.0,119684.0,26938.0,39128.0,151888.0,136.0,6924.0
-0.8899999999999999,77.62710082099996,391.8427200863425,489.0782745756793,78623.0,54292.0,60185.0,13518.0,19645.0,76520.0,78.0,3310.0,155.2542016419999,783.685440172685,978.1565491513586,157246.0,108584.0,120370.0,27036.0,39290.0,153040.0,156.0,6620.0
-0.8799999999999999,74.01241534500002,391.95252154251295,488.11276661588363,78883.0,54436.0,60497.0,13573.0,19711.0,76576.0,84.0,3632.0,148.02483069000004,783.9050430850259,976.2255332317673,157766.0,108872.0,120994.0,27146.0,39422.0,153152.0,168.0,7264.0
-0.8699999999999999,78.58722441900007,392.5747957614724,488.54255256788963,80413.0,55528.0,61212.0,13697.0,19726.0,77402.0,94.0,3536.0,157.17444883800013,785.1495915229448,977.0851051357793,160826.0,111056.0,122424.0,27394.0,39452.0,154804.0,188.0,7072.0
-0.8599999999999999,78.80254701200005,392.53420028045576,488.7765596612941,80801.0,55910.0,61387.0,13738.0,19799.0,77714.0,76.0,3472.0,157.6050940240001,785.0684005609115,977.5531193225881,161602.0,111820.0,122774.0,27476.0,39598.0,155428.0,152.0,6944.0
-0.8499999999999999,75.65135803100006,392.6291602088397,488.1565003399599,80078.0,55463.0,61190.0,13667.0,19726.0,77244.0,68.0,3672.0,151.30271606200012,785.2583204176794,976.3130006799198,160156.0,110926.0,122380.0,27334.0,39452.0,154488.0,136.0,7344.0
-0.8399999999999999,70.43870311599996,392.3734874801722,488.07052575654143,79995.0,55179.0,61129.0,13685.0,19773.0,77240.0,90.0,3662.0,140.8774062319999,784.7469749603443,976.1410515130829,159990.0,110358.0,122258.0,27370.0,39546.0,154480.0,180.0,7324.0
-0.8299999999999998,69.54079264900002,392.4448343106532,488.0386267005874,80024.0,55043.0,61225.0,13675.0,19809.0,77348.0,70.0,3686.0,139.08158529800005,784.8896686213064,976.0772534011747,160048.0,110086.0,122450.0,27350.0,39618.0,154696.0,140.0,7372.0
-0.8199999999999998,67.81628051300007,392.64867120206577,488.22308137391434,81187.0,56110.0,61644.0,13782.0,19840.0,77812.0,62.0,3672.0,135.63256102600013,785.2973424041315,976.4461627478287,162374.0,112220.0,123288.0,27564.0,39680.0,155624.0,124.0,7344.0
-0.8099999999999998,71.82510672799997,392.7876491027756,488.24395975507144,81615.0,56434.0,61851.0,13808.0,19873.0,78064.0,82.0,3660.0,143.65021345599993,785.5752982055512,976.4879195101429,163230.0,112868.0,123702.0,27616.0,39746.0,156128.0,164.0,7320.0
-0.7999999999999998,69.420929035,392.9175389090996,488.39744589407115,81636.0,56187.0,61891.0,13791.0,19863.0,78158.0,90.0,3596.0,138.84185807,785.8350778181992,976.7948917881423,163272.0,112374.0,123782.0,27582.0,39726.0,156316.0,180.0,7192.0
-0.7899999999999998,72.43958699699992,392.916404101511,488.31337739534723,82266.0,56825.0,62098.0,13872.0,19890.0,78348.0,76.0,3640.0,144.87917399399984,785.832808203022,976.6267547906945,164532.0,113650.0,124196.0,27744.0,39780.0,156696.0,152.0,7280.0
-0.7799999999999998,76.143956166,393.30038064477355,488.70821849767856,83188.0,57546.0,62541.0,13936.0,19909.0,78890.0,66.0,3560.0,152.287912332,786.6007612895471,977.4164369953571,166376.0,115092.0,125082.0,27872.0,39818.0,157780.0,132.0,7120.0
-0.7699999999999998,72.32099463999995,392.7717930243975,488.881208493298,82240.0,56882.0,61951.0,13822.0,19913.0,78396.0,74.0,3468.0,144.6419892799999,785.543586048795,977.762416986596,164480.0,113764.0,123902.0,27644.0,39826.0,156792.0,148.0,6936.0
-0.7599999999999998,75.54895642700004,393.47874159009814,488.19804512763136,83903.0,58041.0,62916.0,14032.0,19944.0,79126.0,68.0,3734.0,151.09791285400007,786.9574831801963,976.3960902552627,167806.0,116082.0,125832.0,28064.0,39888.0,158252.0,136.0,7468.0
-0.7499999999999998,75.27143592499995,393.4584080288317,488.7930915042807,83549.0,57839.0,62865.0,13992.0,19965.0,79306.0,86.0,3524.0,150.5428718499999,786.9168160576634,977.5861830085614,167098.0,115678.0,125730.0,27984.0,39930.0,158612.0,172.0,7048.0
-0.7399999999999998,71.89663210799995,393.4496677817495,488.458106694178,83205.0,57548.0,62798.0,13987.0,19938.0,79088.0,66.0,3648.0,143.7932642159999,786.899335563499,976.916213388356,166410.0,115096.0,125596.0,27974.0,39876.0,158176.0,132.0,7296.0
-0.7299999999999998,72.08649400899999,393.0631917835802,488.88270120681983,82232.0,56630.0,62232.0,13849.0,19926.0,78656.0,60.0,3502.0,144.17298801799998,786.1263835671604,977.7654024136397,164464.0,113260.0,124464.0,27698.0,39852.0,157312.0,120.0,7004.0
