n,pre,null,null2,gsat-time,gsat-fm,gs-time,gs-fm,rfs-time,rfs-fm,const-time,const-fm,sets-time,sets-fm,bnb-time,bnb-fm
5,9.571428571428571,0.004160626000000001,10.0,0.019710492999999996,10.0,0.008525069000000001,10.0,0.120651196,8.816666666666666,0.0,0.0,0.0,0.0
10,8.666594114420203,0.014236712000000002,9.071344927637835,0.007391801000000001,9.071344927637835,0.009082455,9.071344927637835,0.18465038,8.669344106186212,0.0,0.0,0.0,0.0
15,8.654420579420579,0.0027669279999999992,8.72203457462078,0.0016412129999999997,8.72203457462078,0.0017075099999999998,8.72203457462078,0.09630789399999999,8.608595140491692,0.0,0.0,0.0,0.0
20,8.54241844769723,0.005045866,8.69594509007836,0.003821883,8.69594509007836,0.003608542,8.69594509007836,0.13019962999999998,8.452145200383345,0.0,0.0,0.0,0.0
25,8.430643135844658,0.009271585,8.545208860806296,0.004722815,8.545208860806296,0.005583075999999999,8.545208860806296,0.157891518,8.201853193653191,0.0,0.0,0.0,0.0
30,8.443949149062902,0.014230373000000001,8.666301721544334,0.0066900530000000005,8.666301721544334,0.009080955,8.666301721544334,0.27963366599999995,8.437967717982037,0.0,0.0,0.0,0.0
35,8.648484324682334,0.033486419,8.678677682049605,0.004095165,8.678677682049605,0.0044920410000000004,8.678677682049605,0.351471544,8.483401676294955,0.0,0.0,0.0,0.0
40,8.784427323856633,0.019689921000000003,8.838259880422578,0.028190186,8.838259880422578,0.004543056,8.838259880422578,0.400637316,8.724341629383462,0.0,0.0,0.0,0.0
45,8.85062477160739,0.041495355,8.885429529877975,0.007107908999999999,8.885429529877975,0.008243249999999999,8.885429529877975,0.788918959,8.783958853348764,0.0,0.0,0.0,0.0
50,8.891026927804344,0.045400459000000004,8.923558570332492,0.008215087999999999,8.923558570332492,0.008797639999999999,8.923558570332492,0.6137555570000001,8.840675405252522,0.0,0.0,0.0,0.0
55,8.927090684001541,0.058815451000000005,8.936521865846517,0.009338657,8.936521865846517,0.008200317,8.936521865846517,1.124264783,8.829696816793374,0.0,0.0,0.0,0.0
60,8.836398563967377,0.139016717,8.853047936675237,0.009471545000000001,8.853047936675237,0.010133195999999999,8.853047936675237,1.513958233,8.74013956172393,0.0,0.0,0.0,0.0
65,8.793768078156873,0.11812259000000001,8.785814447837327,0.022710328000000002,8.785814447837327,0.021031194000000003,8.785814447837327,1.9787944620000002,8.719605378330787,0.0,0.0,0.0,0.0
70,8.625343695227047,0.12185153200000003,8.626234962808354,0.04414830499999999,8.626234962808354,0.018563161,8.626234962808354,1.984673672,8.450564884336545,0.0,0.0,0.0,0.0
75,8.574141527637416,0.14360043200000003,8.591833654534986,0.042698987,8.598565600679416,0.030022875000000004,8.598565600679416,2.459308591,8.487210169011156,0.0,0.0,0.0,0.0
80,8.579189107304979,0.33661026699999996,8.616241339657192,0.038801087,8.60566259138541,0.044628189000000006,8.60566259138541,2.3146624389999997,8.49097259346574,0.0,0.0,0.0,0.0
85,8.614383153221327,0.374924401,8.667495968395828,0.034437447999999996,8.669485229751938,0.056558043,8.669485229751938,3.549551632,8.447882955488417,0.0,0.0,0.0,0.0
90,8.625829603632441,0.24727538899999998,8.690017237169144,0.039314798,8.695773385782434,0.096931301,8.695773385782434,2.9829577619999994,8.493103040358175,0.0,0.0,0.0,0.0
95,8.635193648287464,0.278188501,8.672972140845532,0.036723568,8.678987178439517,0.051848449,8.678987178439517,3.0917750649999998,8.499248329399084,0.0,0.0,0.0,0.0
100,8.643903744348991,0.340681782,8.722390876120965,0.046458524,8.722390876120965,0.07583849699999999,8.722390876120965,3.569199105,8.51598449645104,0.0,0.0,0.0,0.0
