connect,time_complete,fm_pre,fm_post_complete,rows_complete,cols_complete,complexity_complete,time_growing,fm_post_growing,row_growing,cols_growing
-2.0,0.199988971,1.0,1.0,0.0
-1.99,0.0327743,NaN,NaN,0.0
-1.98,0.059451212,1.0,1.0,0.0
-1.97,0.023603073,NaN,NaN,0.0
-1.96,0.048118351,1.0,1.0,0.0
-1.95,0.168057029,0.8571428571428571,0.8571428571428571,0.0
-1.94,0.023993379,1.0,1.0,0.0
-1.93,0.0229412,1.0,1.0,0.0
-1.92,0.014850649,NaN,NaN,0.0
-1.91,0.146251545,1.0,1.0,0.0
-1.9,0.019482642,1.0,1.0,0.0
-1.89,0.150710037,1.0,1.0,0.0
-1.88,0.022969698,1.0,1.0,0.0
-1.8699999999999999,0.121810027,0.8571428571428571,0.8571428571428571,0.0
-1.8599999999999999,0.032236197,0.8,0.8,0.0
-1.8499999999999999,0.041514151,0.8888888888888888,0.8888888888888888,0.0
-1.8399999999999999,0.017379401,NaN,NaN,0.0
-1.8299999999999998,0.03696877,0.8,0.8,0.0
-1.8199999999999998,0.150119408,0.8888888888888888,0.8888888888888888,0.0
-1.8099999999999998,0.157286857,0.8,0.8,0.0
-1.7999999999999998,0.04337153,0.8888888888888888,0.8888888888888888,0.0
-1.7899999999999998,0.041865623,0.8571428571428571,0.8571428571428571,0.0
-1.7799999999999998,0.046552095,0.8888888888888888,0.8888888888888888,0.0
-1.7699999999999998,0.060914094,0.9090909090909091,0.9090909090909091,0.0
-1.7599999999999998,0.035099656,0.8,0.8,0.0
-1.7499999999999998,0.044541331,0.8,1.0,0.0
-1.7399999999999998,0.040984987,0.8571428571428571,0.8571428571428571,0.0
-1.7299999999999998,0.041624229,0.8888888888888888,0.8888888888888888,0.0
-1.7199999999999998,0.040925199,0.8571428571428571,0.8571428571428571,0.0
-1.7099999999999997,0.051069258,0.9090909090909091,0.9090909090909091,0.0
-1.6999999999999997,0.02427668,1.0,1.0,0.0
-1.6899999999999997,0.053107962,0.9090909090909091,1.0,0.0
-1.6799999999999997,0.052130099,0.9090909090909091,0.9090909090909091,0.0
-1.6699999999999997,0.050383359,0.8333333333333334,0.8333333333333334,0.0
-1.6599999999999997,0.132752581,0.8888888888888888,0.8888888888888888,0.0
-1.6499999999999997,0.070276423,0.8571428571428571,0.8571428571428571,0.0
-1.6399999999999997,0.105727271,0.8421052631578947,0.8421052631578947,0.0
-1.6299999999999997,0.171352703,0.8333333333333334,0.8333333333333334,0.0
-1.6199999999999997,0.186638362,0.8571428571428571,0.8571428571428571,0.0
-1.6099999999999997,0.178393588,0.9090909090909091,0.9090909090909091,0.0
-1.5999999999999996,0.042594828,0.8888888888888888,0.8888888888888888,0.0
-1.5899999999999996,0.179971578,0.8888888888888888,0.8888888888888888,0.0
-1.5799999999999996,0.106102769,0.8888888888888888,0.8888888888888888,0.0
-1.5699999999999996,0.039057762,0.8,0.8,0.0
-1.5599999999999996,0.042972841,0.8888888888888888,0.8888888888888888,0.0
-1.5499999999999996,0.090471227,0.8888888888888888,0.8888888888888888,0.0
-1.5399999999999996,0.15437702,0.8571428571428571,0.8571428571428571,0.0
-1.5299999999999996,0.189633412,0.8888888888888888,0.8888888888888888,0.0
-1.5199999999999996,0.045491813,0.8333333333333334,0.8333333333333334,0.0
-1.5099999999999996,0.182186296,0.8421052631578947,0.8421052631578947,0.0
-1.4999999999999996,0.190624686,0.9090909090909091,0.9090909090909091,0.0
-1.4899999999999995,0.188069951,0.8888888888888888,0.8888888888888888,0.0
-1.4799999999999995,0.071569436,0.8571428571428571,0.8571428571428571,0.0
-1.4699999999999995,0.058056221,0.875,0.875,0.0
-1.4599999999999995,0.082630171,0.88,0.9230769230769231,0.0
-1.4499999999999995,0.055713823,0.8571428571428571,0.8571428571428571,0.0
-1.4399999999999995,0.116811475,0.8,0.8,0.0
-1.4299999999999995,0.065221436,0.8421052631578947,0.8421052631578947,0.0
-1.4199999999999995,0.10332704,0.8,0.8,0.0
-1.4099999999999995,0.261639534,0.8085106382978723,0.8085106382978723,0.0
-1.3999999999999995,0.217845847,0.8235294117647058,0.8235294117647058,0.0
-1.3899999999999995,0.191462573,0.8421052631578947,0.8888888888888888,0.0
-1.3799999999999994,0.136596974,0.8695652173913043,0.9090909090909091,0.0
-1.3699999999999994,0.205973485,0.8461538461538461,0.8461538461538461,0.0
-1.3599999999999994,0.108914821,0.8,0.8,0.0
-1.3499999999999994,0.14480906,0.8,0.8205128205128205,0.0
-1.3399999999999994,0.099323951,0.8235294117647058,0.8484848484848485,0.0
-1.3299999999999994,0.154865672,0.8,0.8275862068965517,0.0
-1.3199999999999994,0.25889705,0.8163265306122449,0.8163265306122449,0.0
-1.3099999999999994,0.208593037,0.8108108108108109,0.8333333333333334,0.0
-1.2999999999999994,0.258964941,0.8163265306122449,0.8163265306122449,0.0
-1.2899999999999994,0.243143693,0.8095238095238095,0.8095238095238095,0.0
-1.2799999999999994,0.115983366,0.8,0.8,0.0
-1.2699999999999994,0.13266094,0.8235294117647058,0.8484848484848485,0.0
-1.2599999999999993,0.26411073,0.8,0.8301886792452831,0.0
-1.2499999999999993,0.217334285,0.8064516129032258,0.7868852459016393,0.0
-1.2399999999999993,0.13528217,0.8163265306122449,0.8571428571428571,0.0
-1.2299999999999993,0.139409026,0.8,0.8,0.0
-1.2199999999999993,0.400725307,0.8,0.8235294117647058,0.0
-1.2099999999999993,0.327359399,0.8181818181818182,0.84375,0.0
-1.1999999999999993,0.320028508,0.819672131147541,0.8387096774193549,0.0
-1.1899999999999993,0.326264753,0.8070175438596491,0.8275862068965517,0.0
-1.1799999999999993,0.655504999,0.8316831683168316,0.8571428571428571,0.0
-1.1699999999999993,0.304893999,0.8181818181818182,0.8235294117647058,0.0
-1.1599999999999993,0.315055381,0.819672131147541,0.819672131147541,0.0
-1.1499999999999992,0.372770748,0.8282828282828283,0.8775510204081632,0.0
-1.1399999999999992,0.141741087,0.8,0.8301886792452831,0.0
-1.1299999999999992,0.325311197,0.8448275862068966,0.8468468468468469,0.0
-1.1199999999999992,0.222767286,0.8235294117647058,0.8433734939759037,0.0
-1.1099999999999992,0.335281757,0.8181818181818182,0.8275862068965517,0.0
-1.0999999999999992,0.272320021,0.8210526315789474,0.8602150537634409,0.0
-1.0899999999999992,0.44868217,0.8181818181818182,0.8333333333333334,0.0
-1.0799999999999992,0.301813455,0.8282828282828283,0.8333333333333334,0.0
-1.0699999999999992,0.359701204,0.8376068376068376,0.8571428571428571,0.0
-1.0599999999999992,0.389834719,0.8411214953271028,0.8679245283018868,0.0
-1.0499999999999992,0.401073983,0.8088235294117647,0.8217054263565892,0.0
-1.0399999999999991,1.229327514,0.8194444444444444,0.8633093525179856,0.0
-1.0299999999999991,0.425556575,0.8387096774193549,0.864406779661017,0.0
-1.0199999999999991,1.445155054,0.8387096774193549,0.8852459016393442,0.0
-1.0099999999999991,0.606778698,0.8181818181818182,0.8709677419354839,0.0
-0.9999999999999991,0.532392182,0.8059701492537313,0.848,0.0
-0.9899999999999991,0.586106416,0.8307692307692308,0.8852459016393442,0.0
-0.9799999999999991,0.366443982,0.8346456692913385,0.8524590163934426,0.0
-0.9699999999999991,0.610011788,0.8104575163398693,0.8435374149659864,0.0
-0.9599999999999991,0.934589868,0.7926829268292683,0.8607594936708861,0.0
-0.9499999999999991,1.275789647,0.7941176470588235,0.8383838383838383,0.0
-0.9399999999999991,0.683547844,0.7981220657276995,0.8442211055276382,0.0
-0.929999999999999,0.465296045,0.7898089171974523,0.8053691275167785,0.0
-0.919999999999999,0.49399294,0.7901234567901234,0.8235294117647058,0.0
-0.909999999999999,1.150603482,0.8,0.8540540540540541,0.0
-0.899999999999999,0.627537868,0.797979797979798,0.8315789473684211,0.0
-0.889999999999999,1.560382112,0.7981220657276995,0.8627450980392157,0.0
-0.879999999999999,0.634548299,0.7981220657276995,0.8316831683168316,0.0
-0.869999999999999,0.739234288,0.7941176470588235,0.8359788359788359,0.0
-0.859999999999999,4.585144046,0.8034188034188035,0.8348623853211009,0.0
-0.849999999999999,2.206148725,0.7983870967741935,0.8619246861924686,0.0
-0.839999999999999,1.116744034,0.7967479674796748,0.8558951965065502,0.0
-0.829999999999999,1.42930475,0.8,0.8284518828451883,0.0
-0.819999999999999,1.374032361,0.7735191637630662,0.8148148148148148,0.0
-0.8099999999999989,2.256284265,0.7984790874524715,0.8536585365853658,0.0
-0.7999999999999989,0.926524184,0.7912087912087912,0.859375,0.0
-0.7899999999999989,1.18287572,0.7872340425531915,0.8195488721804511,0.0
-0.7799999999999989,2.081816095,0.7840531561461794,0.8421052631578947,0.0
-0.7699999999999989,2.412325047,0.7914110429447853,0.8278145695364238,0.0
-0.7599999999999989,1.449416018,0.7811447811447811,0.8297872340425532,0.0
-0.7499999999999989,1.497346619,0.7857142857142857,0.8055555555555556,0.0
-0.7399999999999989,1.414257131,0.7843137254901961,0.8178694158075601,0.0
-0.7299999999999989,1.923493542,0.7928994082840237,0.8553459119496856,0.0
-0.7199999999999989,2.249273554,0.8063660477453581,0.8507042253521127,0.0
-0.7099999999999989,1.531714834,0.8032786885245902,0.8596491228070176,0.0
-0.6999999999999988,1.925408755,0.8089330024813896,0.8609625668449198,0.0
-0.6899999999999988,1.917991253,0.8054298642533937,0.8508557457212714,0.0
-0.6799999999999988,1.513262858,0.8076923076923077,0.8682170542635659,0.0
-0.6699999999999988,1.611021392,0.8031088082901554,0.8595505617977528,0.0
-0.6599999999999988,4.508472966,0.8054919908466819,0.855,0.0
-0.6499999999999988,1.879923645,0.8054919908466819,0.8529411764705882,0.0
-0.6399999999999988,1.957951161,0.8086124401913876,0.8491048593350383,0.0
-0.6299999999999988,1.725304117,0.7988826815642458,0.8511904761904762,0.0
-0.6199999999999988,3.579739931,0.806378132118451,0.8678304239401496,0.0
-0.6099999999999988,4.193925514,0.8025210084033614,0.8571428571428571,0.0
-0.5999999999999988,2.416376748,0.8,0.8608695652173913,0.0
-0.5899999999999987,2.421257117,0.8,0.8608695652173913,0.0
-0.5799999999999987,2.778466451,0.8070175438596491,0.8661417322834646,0.0
-0.5699999999999987,3.414979975,0.7985074626865671,0.8686868686868687,0.0
-0.5599999999999987,3.336550138,0.7891891891891892,0.8599605522682445,0.0
-0.5499999999999987,8.622444577,0.7828843106180665,0.8501742160278746,0.0
-0.5399999999999987,5.666093864,0.7881944444444444,0.8555347091932458,0.0
-0.5299999999999987,8.352698008,0.7879858657243817,0.8413001912045889,0.0
-0.5199999999999987,10.053167225,0.7823529411764706,0.8603896103896104,0.0
-0.5099999999999987,8.805974173,0.7992565055762082,0.8729508196721312,0.0
-0.49999999999999867,3.578731056,0.7934782608695652,0.87279843444227,0.0
-0.48999999999999866,4.814447921,0.7934782608695652,0.8661417322834646,0.0
-0.47999999999999865,13.073713178,0.7844827586206896,0.8607594936708861,0.0
-0.46999999999999864,4.372980695,0.7836456558773425,0.8539741219963032,0.0
-0.45999999999999863,6.727130221,0.7811550151975684,0.8442211055276382,0.0
